9 0.440463 0.945183
49 -0.146167 1.85584
89 0.184601 0.949623
129 -0.706005 0.922157
169 0.527613 1.1139
209 -2.53689 1.14907
249 0.274517 1.03087
289 0.398245 1.05654
329 0.508205 1.0825
369 0.444204 0.981408
409 0.417315 1.05354
449 -0.227685 0.978968
489 1.37062 1.0365
529 0.451981 1.03487
569 0.69072 1.01759
609 1.46945 1.0172
649 -0.0398883 0.990093
689 -1.34839 0.955294
729 0.828302 0.951612
769 0.690874 0.896369
809 0 0
849 0 0
889 0 0
929 -0.420672 0.942838
969 0.42532 1.01606
1009 0.351399 0.946719
1049 -0.420925 0.963025
1089 -0.142058 0.940447
1129 -0.507371 0.788713
1169 -0.229293 0.797313
1209 -0.739053 0.844597
1249 0.147239 0.770863
1289 0.926137 0.909064
1329 0.660033 0.892109
1369 1.0802 0.941276
1409 1.17383 0.893395
1449 -0.940955 0.959695
1489 0.805211 0.969324
1529 -0.797217 1.00227
1569 0 0
1609 0.171151 0.943809
1649 0.85912 0.955625
1689 -0.300891 0.951288
1729 0.778996 0.937632
1769 1.18143 0.970169
1809 0.193681 0.915887
1849 0.937447 0.947826
1889 1.17398 0.961268
